1976
1168
8828
8949
6737
6625
3109
2468
8412
5908
8705
4167
4223
6460
4374
84
8055
4416
1858
704
1941
3724
8430
4072
5056
2253
6655
6968
1442
4659
2811
222
7804
8948
238
2259
36
745
3124
5140
6658
2205
3193
557
1353
1563
1792
5412
6012
749
1544
3936
757
6954
1195
6581
2930
3623
3014
5601
8332
3116
8417
272
8263
6331
1151
978
9512
9051
4619
348
4907
2716
1138
8277
296
5957
1102
4255
986
8739
4472
9023
200
7870
7613
8764
8534
6489
7598
6345
707
7342
4553
7194
5419
5734
4415
8947
7889
8109
8520
6496
3358
9300
6825
497
7159
8264
412
576
9415
9706
5304
7413
7199
4310
1530
5816
454
577
6514
6088
9102
8648
4866
8163
9222
267
9131
910
7502
5291
145
6382
6905
3286
1907
3438
8177
6724
3535
2239
2365
7204
8711
1291
3178
2099
2409
668
3991
9144
2170
7446
8684
4611
6877
5079
6657
4340
5489
9498
670
980
9095
9774
1985
8902
8113
8320
1451
8360
8452
4348
6611
1764
3254
3910
3362
1139
4385
8427
6215
5804
7701
3217
5974
1070
4423
3223
8193
9375
2918
1557
3600
8833
512
6729
3898
7643
3996
3033
1009
7370
9644
3076
8490
8514
839
1259
7514
470
2711
5942
2074
9588
6137
6416
9242
7818
8820
5425
6463
5124
4244
5502
6584
3743
1521
5352
5814
946
4227
2570
1409
8238
4673
2873
4029
8051
143
6030
1570
2182
2977
4915
9231
5865
1476
3979
991
8328
4326
2059
8513
2947
9666
9726
8792
7551
9471
96
8561
7529
5104
432
6067
4572
7593
3670
9196
1234
6617
4852
7282
9138
4920
1486
8395
5879
1632
7027
1105
6580
8824
435
8132
7103
4766
3521
1096
3148
9495
9543
3046
4436
4976
3852
2289
478
2168
5128
7963
3235
2359
7362
7929
5343
9969
1717
202
5679
2121
2122
2830
7379
4384
6258
1052
2680
6232
7540
2685
2088
4833
8449
3734
9587
5555
1977
3505
747
6108
9496
6097
2335
261
7189
193
1661
5648
7497
2743
1328
3643
5448
8816
2458
3430
5105
4607
9525
4928
8546
7785
92
1784
4517
5134
7416
3335
9514
8656
4172
3221
2384
8932
7730
5248
420
298
4988
9371
1505
6039
7305
2671
2255
5828
9143
1722
7954
2497
8842
7155
328
8662
7635
2243
2283
2474
2332
9281
8141
3678
5822
2847
3593
8540
3414
1257
8850
9454
5107
6457
3499
4840
8006
7545
928
8913
2280
5707
9987
7904
7499
5379
9122
2411
1623
2907
1479
3961
5677
9549
7548
6221
8230
51
6218
7484
4314
921
4523
9302
9806
2127
8980
2633
232
6283
7344
4358
5368
9251
6941
9863
7826
3341
7407
4124
5966
7962
1598
3635
9123
3264
494
5968
2853
2130
6869
34
8581
3122
154
8049
8502
6289
2165
2108
6316
7353
3295
466
2951
2694
8900
287
3958
4412
5955
2860
5345
3318
4494
3454
7166
7927
2829
3855
9892
7182
3013
2969
2371
4946
5353
3901
6273
7691
7146
7043
8069
7744
3583
7498
3326
2900
1333
8997
8114
3704
3556
9151
2695
8301
530
6497
3813
9176
5852
3691
5036
9522
3766
7887
2368
859
9984
3820
7218
4717
5099
6637
2449
7864
5866
567
4747
2956
5780
5347
8108
5459
2916
3533
7339
436
509
1553
9396
7331
8436
1262
6829
4447
2740
8649
1534
6225
1055
773
866
4531
5682
9935
1769
8366
1388
2851
8921
9701
7119
8864
6440
5282
4045
1192
3278
5758
8290
4962
4342
9042
3138
5862
1819
7890
4682
2754
2802
9723
5342
6624
4938
4459
763
6254
4478
1352
5351
125
3886
4295
786
8467
547
2559
1900
7412
2372
930
236
6666
575
9087
776
545
4895
820
1938
2501
8892
9794
6127
5666
7899
6115
3751
7031
5272
1984
4495
7756
1283
6246
2263
7608
5094
3873
6961
5146
6979
9540
4477
147
2433
974
2042
4851
5481
5076
1842
7667
8918
3257
3410
4077
7321
5591
7957
19
22
66
7158
2401
7329
7770
8841
1599
9534
7491
4672
1591
1094
8139
9887
116
1768
5394
2643
7609
6244
1294
6667
6685
2234
7113
6213
335
8903
4141
6027
8361
5730
3819
2301
2664
6449
4770
5588
8722
5704
3404
9160
9681
4503
4171
8445
141
4563
426
5093
4140
3602
462
6918
9786
4728
6502
9115
6166
8057
2390
9070
6408
4370
5613
162
9913
3665
8869
8580
8319
4500
1510
37
766
4431
5994
1120
9888
8079
966
3210
6807
9955
4123
1786
7761
5709
9509
3344
5212
6409
6805
695
2856
4406
5655
9867
9414
7994
9882
7648
2385
8027
8960
1266
9536
9340
5971
8235
8461
9252
2835
3902
4533
9191
4164
4785
2424
1766
9801
6967
6374
3879
6600
3376
8668
6702
3111
1658
6091
1664
4021
3311
2566
5433
7297
6779
5073
7197
9094
6202
8970
7517
597
5802
9205
3419
4434
2902
6363
6042
4256
7028
4405
6906
9154
8241
2675
8084
8164
6812
7657
7903
1648
7184
4702
2886
8810
5868
3696
4132
4804
2600
8845
3887
5698
3310
3785
6501
9754
373
3387
6853
5546
5196
1545
9876
5265
5175
6901
496
2825
2161
8377
4779
8170
5294
3188
9004
4854
1906
6160
133
2998
2948
2292
5066
2361
7935
9005
6456
3648
6767
7041
8135
3731
4825
8191
6344
8346
7441
6572
8403
4065
4206
8450
6431
7461
3638
7642
9978
914
3108
7247
8659
5328
7622
7064
9061
1590
79
5983
7368
2628
2110
2014
99
947
7070
774
3282
1246
7664
4148
4953
2627
9502
6664
8485
8202
16
1207
5920
2338
1712
2843
7209
1337
8466
7624
5642
5123
7884
2156
9056
869
9494
5440
1399
9430
6505
5417
1462
7487
2053
7306
6832
8524
7965
610
2266
7241
598
6754
304
4146
4744
9412
2759
2979
5970
9551
6410
4237
4813
1889
9852
9532
7309
3584
3973
7987
8688
1397
6195
8989
6358
1707
3098
4060
2320
9308
7516
2929
4600
394
5213
2333
7120
1097
3346
1635
7659
5016
2819
4628
989
5838
4058
5082
8589
3577
549
2615
4627
7210
7837
4774
4289
360
8381
9860
6072
7632
2322
1791
7578
5418
9661
9283
5397
5699
1132
118
4112
8294
2756
3808
843
1535
7993
8868
8523
2267
1326
6860
4759
9589
1692
6960
6361
6558
2637
6333
7956
6503
1770
1423
3761
4857
984
9406
5797
7541
1406
6275
3943
205
4760
5747
513
4098
4835
5281
2682
2319
7188
4684
4909
8115
9716
3016
9628
6674
5254
1228
3750
8710
6305
221
9757
7430
4783
8182
8508
7550
4117
1694
2581
7450
7240
6303
7101
1559
1993
7084
6078
7725
3657
935
4397
574
1292
8654
698
4948
791
6607
7671
7603
2001
3412
8462
9116
3096
8247
9846
9142
4614
5312
9879
3783
9503
9484
8531
8298
2185
3401
2700
5881
5447
9099
4130
6231
4912
149
2774
7765
9348
1896
3890
9700
6381
6104
5534
6633
3258
6727
5592
2288
1870
4455
4107
6945
2429
5910
6037
7791
4122
1421
1640
4707
1652
353
7014
5472
558
1668
6263
2769
3767
7795
3630
8906
3689
4383
1376
9727
8014
148
6569
2714
3436
8755
6300
667
9650
3245
4626
1575
591
6768
8625
4714
1393
5470
6762
1311
771
7085
4644
8302
1958
2274
2279
4932
6795
2128
6804
5649
4051
3685
4169
8471
6144
3006
6102
3833
2709
2692
6692
9361
243
2115
8295
4640
9254
8199
8468
7290
3717
7348
8017
3119
6919
3029
9305
1636
1367
9001
1255
264
1060
299
3273
9351
8517
851
7276
9718
1948
5275
8384
3038
8946
6858
6438
5509
3100
2831
3652
8050
108
2706
5306
8993
8101
270
7995
503
1129
453
1584
4845
6909
3452
8380
1342
8228
8498
4839
5097
2963
7386
5219
6930
6950
7629
754
1206
5706
7871
7417
1674
95
259
2505
6654
443
7895
5286
6835
8632
7821
129
6021
4302
5980
5781
6815
2792
3201
1908
1671
5339
3599
7898
6318
1762
8397
6432
5857
1657
8216
7753
257
3395
6802
2914
819
4939
5694
106
9180
2788
3576
5225
2604
327
185
8267
5812
5832
4732
4018
3292
4382
1996
1629
2065
8787
139
2293
4795
6679
9112
2224
1697
4071
7175
2522
352
3198
9227
3676
8313
4498
1189
331
3728
8691
1911
1564
8872
7743
3136
8630
4888
8966
570
2131
905
788
3611
3134
8585
6261
1368
8085
730
8566
1533
1902
7781
8283
2838
3549
3695
2732
9782
1773
5150
4364
4536
83
900
8543
8273
6350
410
9750
3700
1602
7405
3911
7479
6211
421
7481
3566
3815
8638
1593
8651
8110
6036
8239
242
7937
7164
8975
4807
7758
2549
3261
650
2525
4834
8179
8246
3935
9592
4688
3774
2985
5482
1177
8076
5178
4846
9825
4610
9792
8983
6420
1659
5405
8909
3353
6401
5062
5607
653
7518
8738
2562
3070
501
4664
3998
7065
3870
356
5847
9944
4561
7383
3789
4050
5664
1412
4597
8521
6880
7687
4809
8920
3195
1662
6226
3143
6439
1915
364
2618
6849
1472
8796
555
3330
8129
354
5977
5665
7336
6434
6466
1124
6430
2760
4380
5916
2494
5479
6186
919
9400
9446
5329
14
8954
7029
7195
9531
1759
4666
5299
2428
5953
5622
4858
6138
7504
6475
3423
1461
9342
3765
343
3473
606
3889
9462
4300
8210
7610
2715
3763
3791
2584
1196
7300
3379
8600
1529
9485
8162
9877
874
6291
6277
2546
5303
8393
5740
3723
4484
3266
9818
7436
7398
1950
2264
203
907
1961
2786
4971
9275
4202
2354
3215
1086
4605
8362
3048
6134
4894
3596
1719
1072
6347
3251
3336
4919
1492
9320
2060
8004
2482
6306
2960
4448
7678
6343
7925
6135
837
518
4225
8863
6014
1845
9169
7737
6974
1854
23
9500
3045
8991
1334
822
5438
6697
8394
8304
7876
2137
8419
8265
6406
2257
8262
6227
8240
9970
7133
3043
6057
9562
1148
1392
5009
4205
1104
1698
7655
8363
7774
4468
7067
559
3923
5549
294
199
3899
8308
5799
4588
1614
2284
8072
6972
9623
8054
9444
1975
9145
5801
2636
4419
4941
1982
5206
9443
7849
4647
2453
4106
2872
7906
6271
6185
9692
130
7658
4317
9767
8604
8588
2103
3290
3265
1895
3485
3990
2418
5401
5078
3662
4929
4829
9583
9594
5767
5317
7402
5948
8494
7615
5754
46
5987
2748
9734
1944
2507
2708
6646
2670
1793
5603
365
4275
9949
8935
9605
3435
9901
6249
708
6639
5584
6378
4763
2089
7738
3727
4750
68
9307
4788
6280
7970
1744
4796
8281
9802
2650
920
4696
6559
7776
8435
8451
5249
689
5083
2254
7320
5892
8415
9842
3864
517
1174
2610
7042
424
3775
7969
1295
9349
9591
7677
3211
7577
6467
9139
5737
6720
4293
4017
9041
8805
3534
8333
4483
8088
7281
7097
7757
4137
5349
4485
1852
2358
1147
2134
1935
6608
8855
3233
3322
3528
9086
1386
6508
3940
173
5039
6828
913
1413
6296
7530
1813
2203
5610
1758
1287
4689
664
8309
7129
4884
8678
2181
2652
2360
3019
9124
3636
6179
3523
150
9983
7475
8081
2686
7712
8568
5530
2091
1937
8843
4970
5733
3798
2016
6951
6063
5670
3733
4653
7560
6029
8019
3551
7230
1512
8203
9688
7466
5276
355
9719
7019
1435
7489
3327
1193
9861
7554
7384
7371
7011
1302
3907
9245
8619
5744
4216
4899
4509
1267
835
401
8229
3781
8673
875
3564
5043
73
552
3338
2191
3866
310
7546
1801
9345
7254
4901
565
5805
2602
7264
9770
1882
937
4186
6649
1309
5751
781
244
1878
1825
9501
4722
1647
8720
5925
2904
6083
3179
1101
8379
1179
6738
7773
1552
7140
1254
6082
9441
932
5934
1088
2888
8167
4720
4480
6105
5762
2050
4824
3145
626
6539
6090
2345
1248
6665
2589
911
798
8097
1003
9610
2504
7445
7125
9204
3117
3541
2376
9088
3504
1064
4424
5162
8418
4874
403
9973
4210
5369
4247
1310
1312
2920
994
1565
2911
9363
936
9250
2821
4378
5589
9507
5113
6553
5200
7144
5424
6399
9353
5168
2861
6441
6328
3209
7526
4010
418
6052
7942
2212
9230
479
5106
5792
8938
778
7706
3721
4234
1603
2950
8428
5084
3470
7001
8482
3348
4623
2106
6140
4093
18
4410
9797
7392
2587
1736
2790
3848
7801
9464
2025
8121
9372
6010
314
6122
3694
9447
1689
2436
5776
1865
1827
3446
8052
1130
5487
5695
4099
8885
5031
5021
4645
3892
5160
3144
9936
7520
4220
9762
863
753
5531
9002
7780
2238
6373
816
2666
1672
8212
4733
1844
6645
4482
3087
2645
916
1464
3020
7797
9982
616
7943
7444
5081
6984
5833
6534
7063
808
7742
7663
5771
2862
607
1675
6546
2701
5033
4280
3850
8033
6551
5604
5520
7669
9468
6417
8853
5414
9111
2555
2992
7604
6180
2374
8472
7365
7038
6714
7187
2232
9720
5796
1166
2669
2876
1161
3456
4657
5564
5673
1036
3304
761
8474
8025
7483
8153
2737
4501
600
1056
7619
1313
6622
2913
5641
1500
8851
4942
9184
6
5014
8610
6817
7754
5898
1300
8226
8660
7463
1926
4055
5794
4725
7009
8657
3039
4606
2192
1483
29
9170
9855
7366
1630
1520
3149
5787
7139
9296
6130
3622
1978
5905
902
8000
9380
3844
3314
5675
4250
2306
6252
8269
4307
2629
3756
6936
9940
7049
1365
8867
12
2630
2614
2145
3726
3519
3626
4577
1325
1219
3853
796
7163
4800
8487
3703
987
6383
3028
6618
7644
3677
7302
4041
1054
3308
4535
2476
7154
975
5319
6056
2179
4402
9902
790
8442
4108
3492
7098
8790
2459
2578
6220
9686
5837
8814
5488
5407
9572
8423
3411
5978
6959
9683
3488
6516
6907
2534
9050
7539
7846
8802
9022
1676
7338
2342
9866
6717
8410
4024
6125
7034
9059
5606
4062
1114
535
2676
6708
4734
7736
6071
9315
6568
7579
4590
8896
5927
6035
6928
4391
4632
9556
9358
2855
3928
5288
4226
1688
7592
9862
3125
8637
6243
6952
2373
2321
6239
9093
9197
3707
7472
1834
4411
7036
541
4393
9482
1180
3545
6499
8528
2794
3938
4177
9775
1543
5880
7134
5836
3058
8972
9007
3123
341
7822
2591
8879
9285
2720
1471
3739
7532
1355
8254
9564
1627
5773
7190
9360
9659
5257
7537
4194
1227
5560
4201
9834
6889
2009
5460
8431
333
772
6326
2840
1739
3305
8065
5654
8526
1799
7590
392
3416
8645
8905
423
714
7399
4812
9065
9890
4258
1787
8383
1894
2227
1013
2797
4196
6917
8268
2509
6680
1643
3329
3851
679
9032
1363
3146
2286
2399
9402
7621
6942
7561
9989
2869
6791
4212
6189
7449
5851
6776
151
4831
7095
8225
1482
3409
4218
7255
8005
7464
8598
9975
4863
1898
1746
7919
2438
840
7703
9550
376
2109
6978
1625
4020
9756
1149
9329
2971
1321
7213
275
7728
9996
2863
3860
3328
8724
4908
4984
4343
1523
3243
3135
9974
1079
6997
8666
1644
6298
3041
4063
3992
3088
5872
9289
2529
3164
5019
8337
6870
6908
2698
3112
7751
8529
8979
1436
9573
1738
9828
9991
6479
8721
397
4064
3698
1720
628
3442
295
836
1465
8090
4083
8681
9915
3664
7900
5047
3154
5558
1715
1541
6634
4453
735
6743
429
4291
9568
4344
8538
9232
6402
7901
4188
5835
4232
8250
5627
6026
8848
6024
7872
842
7860
7654
3574
2859
6077
7242
8990
1783
8986
3303
9218
8280
5559
7572
579
8757
7351
5967
5069
1357
3512
7836
1110
5631
4604
5432
864
4359
3161
1128
7328
8811
5976
8214
645
3105
6509
7025
4190
7631
4914
9898
7032
7061
6222
4913
5464
5571
3297
7270
4119
269
6868
5578
9830
8860
3900
3359
6726
9078
8754
6619
1824
1434
63
5346
4156
9565
7283
9128
3740
8617
4426
3803
285
1176
9972
9908
2116
3490
3386
9580
9003
6953
4975
3002
6041
691
1499
2823
9823
1023
2324
5846
9387
4902
2672
896
2351
1389
2728
7827
2773
1838
5420
5540
1503
1427
1848
4709
2197
5383
2408
9172
4916
718
6898
6113
9334
862
1999
9258
3962
2340
8775
1536
1869
8698
3837
647
9147
7714
1443
2684
7946
3894
6689
8976
6912
1051
8185
3604
8095
4819
8929
1077
1609
2355
2582
7681
683
452
651
7830
4983
1171
8751
2269
8306
6074
2820
5784
832
7289
1691
7607
1810
7318
340
4721
4832
7347
7003
5057
6781
6521
2157
1010
9714
7922
4241
9907
6772
362
3812
7224
927
2656
7006
3054
1360
2475
7047
2455
7053
9622
9773
8331
804
5360
183
618
4195
9140
4499
6911
440
4084
4012
1847
2178
7568
4349
3905
516
6926
8985
9544
5020
9223
4815
6605
1983
3183
2583
8496
1015
3244
3514
9324
7926
8338
3619
883
176
8823
5788
1022
8207
7806
2337
5575
3497
9951
8446
3172
6512
1637
563
8340
7045
5235
849
686
760
3397
7165
204
959
6533
9163
3908
2814
4043
9264
3713
8504
5904
8798
9865
3838
8196
515
33
7406
319
2003
1417
5600
8978
7482
7511
9615
2495
1155
2464
9721
5623
5721
2848
3945
9146
6746
8299
9958
7110
4618
2826
8406
474
7099
3903
9445
6196
4486
5137
4492
1830
601
3425
9654
9598
2957
7203
2421
8016
1651
8034
1067
3994
9696
1343
4841
5444
186
3349
6924
9674
2486
9013
1872
4481
8374
4404
1140
868
7225
1646
9397
8793
4048
9939
3234
6929
2927
5285
3216
5899
2295
8444
2427
7039
1956
4312
2991
6784
4047
7628
7191
255
1748
35
7549
6351
7235
9436
3
7868
4968
28
9286
7778
8035
6493
8244
5287
1807
5717
7766
9257
2616
3086
6604
4758
6411
3506
3230
9098
8655
3706
2382
8703
5188
4514
4545
6629
3608
3862
1558
4719
240
3632
619
9399
2461
1962
9938
3302
3249
4550
5406
7037
9618
6094
7480
4346
9821
4730
2216
6362
4519
5688
642
8536
9742
4085
3539
9747
7251
6201
302
4176
4264
486
9620
9725
2030
8995
6003
9796
3836
4362
475
7091
7089
2311
2858
2693
7174
6423
9582
6872
787
8447
1429
7704
2451
220
3818
8155
3627
8484
1925
5806
3769
2563
5293
1032
6474
4541
1888
2018
5636
9575
8677
4529
427
2141
3309
7985
2309
4797
3025
8058
1419
3547
3390
1405
3162
5427
1468
9741
4940
6084
9241
4173
3422
5749
5197
1445
2082
5786
6613
2573
3271
3828
9799
9278
2512
2641
649
3877
8039
8409
4353
9212
539
2734
9015
2893
7909
9382
6651
4997
5985
3272
9480
5216
6861
7874
925
5218
9085
1909
7509
4889
6235
9630
6988
1014
3589
1370
9697
6126
7350
6152
1170
8341
1157
9409
1641
4768
8312
6865
6151
2405
5
7
1579
3924
7676
138
9731
4595
247
948
2006
5415
5217
9995
7866
2188
5266
5500
8895
5354
2511
2415
4542
4390
8465
2762
3592
422
6838
4565
3367
6567
8414
4322
7787
4510
9156
9026
944
3714
3792
795
9777
2928
1235
1002
2389
6778
2943
5997
1665
7705
6840
7552
4923
8758
1754
170
5474
7978
7538
218
3548
1666
1401
5260
8941
3957
1298
5567
9186
9943
4625
6751
7311
2126
7594
7093
4276
643
1387
5678
6398
3913
4425
2183
8621
9216
6164
8547
4506
6577
970
2209
2096
1428
1265
8007
8958
6229
2976
7948
9384
5034
9266
5211
233
5366
6377
9707
897
6352
2392
6902
8780
2067
7763
3941
5373
5859
7835
5202
9903
4363
1853
4524
6554
3197
5453
2491
9418
1485
9798
507
4537
3381
5634
6977
6120
7980
665
9675
4735
4160
6111
4680
2329
9352
9082
5950
4652
2699
9431
3617
9656
2723
5760
6985
9486
8576
2878
9853
3252
750
3658
7060
3804
7496
4650
630
5435
9411
344
1560
1892
7226
4554
4245
1947
1229
5521
5683
5450
8683
9925
7515
9759
8364
1839
2023
8852
4522
6510
9673
5924
6519
6788
3679
6884
1279
8154
465
3874
7764
3847
6806
6632
817
6864
4699
1841
2816
114
8350
3170
9928
1708
3939
9193
9392
6739
6683
2510
7586
6766
9510
5907
759
6454
9555
7940
6033
6357
8291
9269
1974
4528
6903
9657
1026
5230
8804
977
6194
6939
644
2036
5798
1213
8977
9141
4943
1706
2898
9597
8717
2071
9694
3171
8899
6494
9516
7913
1567
5566
279
9616
3926
5131
2356
5772
4745
7081
2270
3758
3631
2990
9698
9655
5194
6722
2638
1955
4780
9182
2100
179
6073
1963
6515
6661
8877
3368
1877
2647
1669
2994
8830
9508
3747
2755
8815
8390
1667
7016
811
2484
9161
3644
1693
316
8339
3956
3829
9980
1850
5362
4886
159
4910
7327
4562
6886
7232
5441
2500
752
5639
6478
1997
3508
9878
5668
6068
6293
8276
2674
3975
1066
2406
9826
5583
2217
1240
250
105
7007
5938
3999
6935
7262
7513
8781
1327
566
7951
9574
5074
6591
5052
5387
531
2058
8559
6299
8455
416
8961
7340
3888
4624
1794
2241
7221
6248
481
1288
2256
3190
5536
6206
7215
6385
8279
2228
2323
7143
414
9779
510
1756
1411
1634
6785
8819
2625
7323
1121
8644
784
9601
3306
4956
5745
248
6799
8315
8893
3692
1859
4003
2416
2622
3259
8800
7690
9177
2609
3491
9850
8479
1639
5507
1210
4329
4630
1005
1979
6297
4917
7932
9932
1046
1414
780
2942
4279
1934
965
5055
8542
2844
2822
9976
542
7531
8037
17
152
8891
9776
9295
9641
4249
1840
6650
476
5224
1803
850
189
3531
2667
4429
9848
7388
4331
1808
6893
9606
4843
5429
119
8801
3914
4658
5404
2240
1930
3396
5413
9941
2107
2564
6747
3742
6272
1202
2624
7847
3085
2078
8118
9743
7812
5723
4422
4926
2010
4032
983
5465
6335
7390
3361
1649
8106
4520
6757
5087
9401
807
4676
4109
2934
8146
6161
4816
3972
6681
8429
1921
2639
5964
5227
4254
7570
7710
2620
5703
1332
153
2735
4579
1750
6576
2383
6758
9746
4469
1111
4791
7685
8375
3671
6965
7748
5262
5088
6153
3964
7547
4811
6359
5242
3160
3795
1862
417
2056
636
756
8593
6854
7363
1323
9819
1953
85
1866
6167
4414
3057
3010
8148
2444
7469
6897
5620
4430
464
2532
1795
7211
3469
57
885
5807
7819
9625
9617
6148
3835
9558
8062
5086
1344
254
4567
9933
7979
1204
2450
4930
2832
899
8825
395
6371
2796
1515
6573
8671
4905
5003
903
8400
8557
1660
7863
6532
1569
2912
9120
5348
5323
3538
3402
7939
4821
4694
1473
6154
7790
5221
3018
4620
3489
2101
7984
7465
782
2850
6777
1526
6274
5108
4163
3147
7015
4737
5045
1478
2055
9632
7069
9074
6089
1497
7976
4159
2703
2076
8973
9036
169
3459
7147
5322
6163
9822
7389
1306
9526
7117
6070
2136
1396
5504
7672
1805
8923
3784
8134
6890
5913
8763
305
7050
6187
5258
8186
5101
4352
3562
385
585
7325
6330
5147
7485
4740
5445
110
4105
8553
3281
1019
6240
5477
7652
8093
4869
184
1735
3917
1897
961
4646
7721
7574
6133
2412
3918
1305
5528
1152
3475
2420
7374
3526
6934
4559
2391
4570
830
9459
9071
64
3034
990
4088
8770
7128
9299
4267
6060
777
8243
9483
48
5726
8813
6242
1119
4301
6205
4764
3826
5515
2972
2653
6801
1517
6365
9104
7023
4451
5439
7888
586
7408
873
5735
2291
4197
6224
3560
971
2721
2422
3978
4792
7298
8865
8821
2944
699
7271
1980
1653
7367
5117
5208
7739
3663
9261
9634
9157
1373
5493
9918
4903
5982
3150
409
445
6310
1679
6334
9533
2887
5635
8525
6379
4723
5476
1618
9134
3950
6465
4799
1711
8010
8180
8959
693
2871
2854
8583
9211
9693
3590
5667
6675
1398
9355
7000
5025
3982
7869
9566
4703
7403
841
7556
4323
9768
9523
5457
6586
2213
7892
4454
4068
6268
342
2087
7393
592
3061
969
8206
5315
5065
9579
70
8038
5826
674
6846
2864
953
4460
3525
4336
9069
2983
3993
7815
3570
6891
6278
1045
1574
6635
2953
1798
4898
8847
9247
8812
2287
4037
1573
2348
5819
8248
2187
3780
9911
1519
1226
9052
7272
3755
5785
9047
4389
2538
9668
491
3288
1008
2758
2423
1781
6987
5409
3009
5161
2594
1345
8729
7755
1901
806
146
9029
5229
1164
9465
7775
1348
3697
6066
477
7152
9267
5800
8143
2260
7261
692
8266
6319
5430
26
4979
8249
8463
5434
4476
4467
3515
8396
5813
5685
8809
8552
5422
1832
3806
751
2153
5363
3032
7301
3350
7973
7073
583
9206
9236
3720
740
2151
3561
5063
9557
4392
1122
9096
5356
887
4319
3331
5096
7172
3673
7107
950
8454
8707
7422
6266
8289
8642
957
6883
6994
737
4356
3044
3502
6230
2125
7867
2318
4104
1777
1183
6276
8613
5550
8184
4315
6878
8627
4598
50
2535
5358
9924
898
8516
6983
623
5543
4409
573
2206
6188
621
2019
2574
4154
5365
6435
3811
7668
8822
5662
4995
5177
3558
5214
5028
8386
8943
1162
2298
7749
1650
3846
6910
1159
9043
3153
3313
3607
9114
7040
9148
6216
3298
7924
5064
3605
1920
6871
3440
8643
167
3027
3554
6418
5815
6123
3157
9548
9268
9956
5782
3262
8251
3460
7729
4334
132
6549
9927
2488
6369
9710
8692
6852
5633
6913
2473
4767
6341
2586
846
6262
5318
7856
188
8713
2827
9012
8070
463
6124
5335
7722
2541
4575
144
8532
5423
4278
5280
8287
4318
687
6973
6342
5619
9213
4789
3585
9301
5053
7865
2938
6391
5932
5442
100
3823
8192
1233
6419
6236
9292
995
4441
2460
5585
997
9185
2890
5569
1063
8464
5854
3786
2654
4963
4079
5840
7456
7833
6279
7585
6922
8689
8774
9766
8046
5163
1011
9150
5204
8470
9282
901
9298
9189
390
7200
2069
3445
7415
7698
6759
4144
4875
5889
7267
9248
536
2437
2973
5565
157
6281
5791
5981
7470
2631
428
3702
9691
2043
4028
3181
3931
9676
8933
5652
6874
1916
8165
3448
8439
7817
8999
1600
7717
3932
5237
5340
9552
7964
5006
2208
3569
1470
9337
7960
7627
7312
9739
5048
278
4283
3976
6168
3725
4608
6946
5170
4461
9076
2806
5573
8388
988
9728
4134
2249
7375
1243
6112
6004
2530
4859
9670
1551
7862
3997
375
3557
7684
1779
6366
1049
1438
646
9872
5240
4960
6046
538
8759
6850
3133
7673
4936
9844
9330
9034
7880
6915
9631
9793
1588
7762
6487
4299
6993
8348
5542
9458
4670
3746
2807
4174
6005
3375
4980
4076
3712
9847
5325
2995
4433
2606
3988
3830
7602
3202
4830
5777
6260
3628
4690
7346
660
2881
5058
9045
3131
1187
8887
7875
6208
1158
8924
602
2180
4435
3683
1952
8974
4538
53
6038
584
9816
2961
7596
7982
329
1197
8221
9811
3092
1455
5888
755
9473
9066
9965
1269
8915
9981
8282
4629
2785
7959
7783
1782
4691
5825
5186
9259
9576
9481
888
4219
7571
3517
6204
9960
3735
5367
2210
5030
6827
2519
2986
4844
4009
6182
224
3655
6117
1765
9338
7646
4951
6251
4270
9125
2144
2
7380
1241
5996
1331
6367
1185
5278
213
4268
3483
7588
6308
1194
6295
3661
5125
4981
0
7332
8492
605
4729
3871
2502
4113
7017
281
3536
620
4091
6045
5024
47
2346
6769
4631
3207
6464
15
1308
1981
6610
6688
6668
317
1491
2571
7752
741
4053
6256
3827
6981
2171
2662
4933
6270
6214
5763
1549
5209
309
5574
633
1350
5244
5532
6570
8473
800
3603
8404
1490
3250
7364
882
2064
1611
8897
3053
2172
4263
9019
7236
564
2611
8597
5382
43
4080
1200
1103
1383
4900
2169
9386
3206
8963
2989
5656
6159
1587
4142
9460
6255
9164
7989
3807
3840
1057
136
7617
4311
7682
1851
9968
8760
6322
439
1061
4222
6873
8160
274
4677
1516
8168
6354
3347
5761
7746
7026
590
1642
3120
9407
2539
8749
3443
9229
5871
8408
7404
9781
6544
9046
7360
7273
8556
1855
7357
483
9651
1012
1522
867
8499
1339
3276
1903
2410
2640
7130
9945
1918
5508
2742
27
5539
1606
3482
2798
4070
6025
7733
6022
738
5316
9952
2603
8349
5267
3708
387
1946
2252
374
2982
2567
7794
3653
1083
1913
268
3715
7501
860
7726
3052
3392
5273
2005
1645
5313
5144
7431
3229
5605
277
3863
3909
4950
5901
7104
4086
5551
1469
3693
2752
5298
2724
2634
7088
7495
3897
8116
7557
2804
2221
2095
3137
4357
3487
8086
8023
1733
9950
2094
7647
3324
9434
8181
6560
2658
1450
6975
5190
2394
706
9979
1513
2932
3279
3954
6513
1050
4961
2441
3532
4371
9233
7012
9440
8102
7044
307
1027
3869
1391
2688
6672
3688
7917
4208
81
4870
6660
3333
8158
1507
5468
6536
382
3321
8173
8998
9993
3493
9073
5308
25
7808
3140
9136
9033
9785
3817
6253
5247
1237
7599
2456
5659
6199
484
8838
9614
5514
8573
7986
589
5355
7179
8957
6592
201
9253
831
4683
8100
7373
2027
4532
2741
7680
197
3063
4198
5956
5302
5491
5182
2000
3776
5647
8
2623
8421
775
1989
2767
3097
3182
5256
5630
6099
3270
8094
9014
3214
1767
8785
8674
2852
634
3594
8747
3680
6143
9613
253
4233
7180
8658
5292
216
6157
8509
6647
6923
4935
7799
2268
3342
4687
6019
7633
8969
3293
1809
2524
1127
5035
4873
3868
4497
4755
3472
5153
1752
2393
5095
5269
3008
4882
5336
4540
4181
6190
8964
8089
6866
1910
2123
2883
671
2015
142
9168
7760
9270
4075
6824
8495
1883
2186
4681
1320
74
893
9339
7983
9105
7132
6207
8344
2105
1730
7126
6566
7508
7952
2919
1420
8432
8748
9238
2516
7587
7220
9260
291
5911
8043
4335
7638
1232
3128
3166
8679
4036
88
3114
9885
5697
3334
3629
2218
1270
2235
3299
1680
5593
721
6644
9132
3095
768
2173
9448
9100
9883
5586
8042
7092
6053
7779
1487
532
2204
45
9912
5456
1861
9845
6028
8971
9398
3050
9518
127
6662
5883
5436
358
4187
6518
9699
6016
3255
4573
9152
720
472
1366
7662
6925
3621
5165
5570
3859
4490
2285
5661
2808
4192
2032
982
9637
6172
1864
4772
321
582
425
6085
3064
4712
571
1188
6789
4288
4583
9429
6380
3486
1041
3077
3546
7437
2663
2193
2381
912
252
1381
9645
6412
6320
2024
4738
2921
9174
7488
8327
8922
211
3872
1043
2793
4351
4341
8324
5940
9612
5519
2646
3130
2250
3458
7411
9999
595
8709
1134
6540
4042
7842
5722
7521
7307
2343
1562
2776
3457
2865
49
2487
9873
9590
1346
8564
5129
7661
191
1891
1452
9778
8188
367
4881
8835
8569
543
7897
8953
8803
2917
3597
346
7246
815
5984
6656
9424
4118
4238
8029
8475
9751
3966
1540
829
8387
2344
5092
5145
78
6389
6002
5027
2885
1724
5827
8211
8003
608
9820
2506
3439
4818
9426
6713
4617
5643
922
9037
9422
8667
7981
3925
8686
9678
8537
827
7796
7949
4621
7848
5187
8795
7857
8126
7100
4432
1137
9542
8620
8012
5644
4746
7285
7176
998
7313
3876
4002
9593
2307
917
6609
5469
5831
3363
8356
1685
6064
5687
8303
6451
4246
5710
2845
8307
7734
6015
2922
120
3951
4927
702
6677
8413
1917
6986
9179
4347
2936
4574
2895
890
7382
9910
6966
7279
7807
3722
2668
9153
2978
6862
4612
1528
8584
9711
3204
9209
2966
3418
1446
1829
8743
449
7883
2378
9643
7068
5389
1249
32
5834
5255
6732
6170
2398
1621
2200
4511
7616
5195
5054
1441
1502
2910
5557
1410
4327
9894
8078
72
4582
4277
3196
9953
4586
569
5609
6422
6628
5183
5210
5893
1509
6338
4260
2251
1846
9730
2809
8407
60
9967
9926
746
2717
8890
6292
6723
2813
8359
5959
4890
8612
1106
803
9497
8530
4445
7966
8189
3970
8726
4596
156
801
3352
1973
7052
8522
2273
4710
93
8746
8732
4271
2757
5979
7056
6473
4189
9717
1774
9896
2102
2599
5843
3180
5371
6415
1751
609
6896
8190
6158
7843
9030
5449
6353
1209
3089
8571
9165
7719
8215
3035
4726
2313
24
6752
8145
3937
6606
6217
1076
8955
6145
9311
5926
1031
9376
9025
8399
1
9291
308
2214
5167
8122
498
9287
9869
2764
3849
2726
172
5484
8752
1018
4449
5011
6098
8857
2223
5954
6013
8480
3947
9957
7420
1075
86
4269
6938
7838
2140
8550
1741
2314
3974
6375
6969
1169
8807
5886
1856
160
5396
2233
945
6996
1190
8761
5690
5138
5621
9988
5863
3553
44
3955
1727
2367
4207
5999
2679
5038
2201
1277
4966
2080
131
4025
7950
3132
4330
8836
719
4814
3444
871
9472
8120
5577
5467
1375
245
8073
7326
2884
5779
6937
6837
8098
9255
1252
336
8305
4303
5629
5141
6704
7692
30
9570
5848
9840
7636
4568
6023
9581
5922
951
2480
4934
8286
2655
5915
8174
4771
6698
2261
5669
2300
6755
2051
4775
2543
6485
4116
9735
9203
4229
488
2375
2496
6484
1038
1093
8382
2230
2841
5535
712
289
5000
3291
1986
98
7434
853
231
8009
9476
59
1324
2626
5159
2713
1280
9200
8765
4549
2781
4578
5581
7222
4879
7999
8011
7317
280
3384
1218
7349
6324
8378
1118
1230
6425
533
5151
2369
6388
4014
5166
3477
451
3880
3687
2426
847
7304
3814
639
6428
968
4877
2897
8716
5114
6426
744
7451
3079
7916
7057
1474
6561
1371
9919
1021
468
2868
2803
6820
4294
3377
174
2946
8477
9690
7759
4513
3174
2262
1037
4158
4761
8175
1349
7961
7528
1035
2174
6565
9313
3354
1444
3075
3782
9795
1432
8321
1053
5902
2908
3949
3591
4662
1329
3066
469
6483
1868
3165
9937
165
2800
2083
2718
7650
3969
4479
1601
6131
1821
4166
4822
5614
6614
3744
1936
8209
1374
7462
3656
727
7626
2997
219
101
4802
3794
3042
7476
4660
7442
5458
6845
3843
3527
526
4947
9813
5462
5111
4464
6808
4969
5264
8345
7418
2749
7715
2499
6184
3634
457
5050
658
3965
9020
6458
371
587
6623
581
7426
6948
437
7524
554
3825
4959
9
1238
5067
4373
9684
1995
8567
9554
1024
3277
1361
1775
3284
6904
7102
334
7229
1212
2305
9198
7122
525
8694
7002
7576
7977
31
3633
6876
5295
7127
5770
4949
4991
430
1501
2761
9133
4794
4778
8605
6008
4261
7527
2531
1696
4753
2363
2661
2195
6386
2719
5239
662
3659
7967
8675
1678
3501
5894
5148
1182
6998
8834
1555
5499
9737
6653
2225
2542
6169
810
89
9060
6032
9417
9906
6612
3732
8878
9103
1290
949
1742
5917
2561
1081
370
1400
134
5012
4496
4724
3985
5941
8061
1268
7697
2148
568
2485
9504
4152
8237
4094
2704
802
4054
5878
6059
6537
3839
1960
1568
9663
7683
276
5341
7111
2040
4743
9488
7542
7131
5650
879
553
6851
1887
6054
3681
9428
9994
1818
5127
5874
8776
6034
8690
6589
5284
823
9225
3884
1745
659
6340
2370
1631
7584
728
4564
2520
3431
8024
6773
2778
877
2068
7503
5395
8988
716
8635
942
8578
5524
6833
7293
1153
5223
8697
7372
9920
7845
9490
7448
6962
9357
7239
7428
2435
8789
8020
1489
9893
7299
825
1550
2955
419
3325
5410
7910
1033
3187
4566
661
4998
4508
3464
3372
482
1607
9856
6177
5988
4678
8942
3082
8166
5126
3307
5919
9057
4787
2833
7458
529
3320
1108
8876
1165
3651
4637
2815
838
3586
4089
3719
4428
892
681
3711
511
2493
7784
8541
6233
4861
2211
8595
166
8727
9680
1260
6963
5511
210
6118
6444
7265
1090
6582
6455
9765
7991
4007
4922
4977
794
2523
3227
5952
8640
7467
1480
467
5192
5199
2150
5506
5327
7805
9917
6288
764
5270
5399
2691
3919
1726
6390
5241
7151
6992
7021
9733
1477
9648
1040
4178
8614
6780
283
723
1772
3213
2247
4823
5808
9541
5090
612
5972
8075
1028
8458
7136
848
8422
7473
7033
9600
7881
4328
1293
5333
6348
8875
680
2657
9788
2004
2198
7813
7894
9054
561
7183
7361
5135
3107
4097
7471
2308
7825
6462
312
1073
8772
8284
3071
9393
8712
7142
6848
3516
7944
3916
8351
8368
6882
9560
2219
441
6446
4000
1893
7512
1358
6786
4635
8434
6636
8488
9024
4752
9332
214
2775
345
4239
9126
4440
5598
8849
8676
7149
6087
4985
4643
2648
2045
1141
2526
6599
4262
6142
9221
3968
3610
1115
8769
5330
1068
2642
3222
5928
9660
3024
4175
5385
4847
1205
3169
6980
8859
3550
3225
1951
4165
7096
8952
6881
8936
6863
7623
6894
1757
4403
4904
4639
6642
4162
2996
9499
5022
6165
9712
5724
6813
4027
4892
2244
9006
1224
3345
5646
5142
6955
5541
4090
9413
5250
8587
9077
431
1527
1247
1743
9755
9297
976
7873
770
1439
7355
2446
2175
9603
9432
8788
6079
1286
2158
9018
3118
3686
489
1504
3037
2683
676
2906
3641
227
505
3666
9571
4716
7310
1172
9815
8634
8888
9959
1117
3253
2085
9068
9234
1595
9219
5185
8981
857
5400
7782
6836
359
65
368
3332
8194
7401
3649
5377
5674
8152
6844
9881
2513
2407
3754
1156
2143
8701
2941
8762
8032
2937
5238
228
1382
325
9841
2981
923
6615
3428
5637
2093
6327
9595
3771
7772
3520
7828
6790
7533
3595
4417
3400
1236
5626
537
9665
9636
3337
4388
1796
2364
58
378
1113
8829
7492
7316
9455
918
7625
9833
6237
8519
9871
194
1403
3218
9758
2142
7217
7620
3768
1449
9824
3080
1181
1677
9685
9705
7649
6315
7308
6031
1220
4693
4221
5949
1034
5653
7536
5714
3068
1532
1511
5296
5587
4848
9039
5158
1239
9506
1969
2081
8618
6329
5492
8799
5844
9948
2097
1622
6290
2925
8615
3296
9535
560
4452
372
4853
5766
2431
7798
9374
1970
7911
229
2008
3055
767
2528
4367
9293
5969
2514
5252
7319
6547
999
1586
311
4170
895
2189
230
736
2613
461
9849
2281
3983
703
7699
8271
126
473
7810
4381
8647
9433
7055
3023
5692
4891
1078
8278
9173
6691
2787
3241
9810
1160
2805
8133
9470
5595
8664
2477
8459
292
6782
8335
2396
7858
3802
4580
8300
5307
6719
9457
2414
3371
9420
9053
3413
1592
1802
1867
793
7679
9914
3567
2560
5102
9479
1359
6219
909
4049
1548
7882
7834
8591
6181
4805
6284
8636
6356
1154
5580
4462
9596
300
4019
1943
7263
5561
8562
6621
9265
3441
8992
8369
3543
8737
1203
8336
1221
4865
6009
2784
8172
6783
929
7054
5817
7324
627
8693
5463
3383
8255
2331
2277
8151
2413
3176
2073
6814
379
8579
5475
5858
2278
9808
5098
6989
1074
7292
2492
5700
357
5314
6816
4685
3930
8053
8695
3186
7287
9323
9538
6885
7562
8956
5594
1319
4957
5231
5753
8002
5628
2090
3205
171
7286
455
828
7352
6325
637
7429
599
3575
286
6763
733
5505
212
265
8917
4006
726
1884
3987
3030
1604
1701
4801
347
7291
4990
6017
5149
168
8545
1131
9563
3581
7440
3587
6198
7802
1085
2220
3942
8483
7597
3984
4751
6287
1457
506
122
7186
4675
2304
5612
1069
1263
1904
2112
8512
9354
9194
140
9028
3915
5289
1761
3451
8056
9780
5110
1924
6822
6744
8178
8187
4
7938
2146
6686
1335
964
4274
4396
5702
1616
4306
7908
1912
9058
1576
6694
7250
3005
5882
8082
4786
7793
2387
2879
9874
3370
9713
9181
2866
3267
351
8940
8292
9439
5960
2975
2044
256
7201
9011
2552
3099
9310
3175
3015
2964
9809
5947
2147
9745
4394
3606
9249
1806
7740
9640
7079
1729
2575
5547
9319
7844
3405
4667
6421
5026
6488
4849
7851
6433
3977
6355
8288
9121
4521
3275
9789
5234
6787
9931
7157
4180
6731
5526
2124
1173
3770
5251
9256
1710
223
6116
1760
2988
521
3415
7173
4251
9113
1987
9226
7674
5861
8156
9646
5715
9127
6670
2299
6775
3867
1589
4633
8575
4395
3200
663
8392
3522
3772
6436
9662
9016
4876
6700
6940
2111
5918
7066
8028
2612
2889
2443
6701
4713
7178
2746
2577
338
4008
2440
9373
1330
2066
2290
282
2439
3736
3858
2812
8208
3184
1714
6429
6264
7841
5870
5040
4516
6730
5701
1886
3056
5885
6050
858
4407
8169
7170
5215
178
2903
2846
8092
273
239
8596
5821
8008
4252
4074
8357
6119
550
7707
260
135
5191
6393
75
1638
4215
5820
3981
9404
3194
226
4850
5452
5943
7035
5386
7121
123
7439
8882
9064
1274
809
9930
9192
9171
2935
5746
2084
8856
9306
1199
669
6228
3260
4782
2129
8603
6641
5803
548
6445
7955
6309
8535
9350
39
6663
4557
404
594
6774
7639
734
7831
2547
459
2086
8091
715
3393
3103
9704
6529
4138
6652
8373
1812
8274
8040
3003
9986
8297
9997
711
7030
2498
8326
7732
6583
7116
7345
8622
8750
7359
9905
2687
967
3399
3572
8021
6711
2258
8219
6400
5625
1059
8904
3121
4798
6742
1379
8937
4305
3612
6914
4974
6575
8631
4634
9049
5931
5374
2747
5810
632
7395
9063
3757
6765
2297
6191
3074
9736
8696
7525
6734
5998
6748
4826
8232
7193
8794
2696
9977
9546
2327
3749
5051
1044
4345
783
9072
4697
4539
7376
7253
6472
4338
7198
2022
1250
3518
6171
381
8138
5890
2397
8594
1495
1932
5139
4518
2617
7723
3616
13
8197
5903
1460
3152
3645
8358
7988
2442
5576
8476
9038
6564
8831
3142
2021
1933
6920
3226
9322
9067
7354
9027
208
3449
4546
3906
7087
4973
8806
2395
332
4004
3256
6203
8044
8080
4121
1245
2276
249
2795
6107
198
2515
5246
9344
4838
6007
6579
2302
9383
4126
3479
3537
6364
6498
7013
2536
9658
1494
3059
5842
7543
1789
5072
2336
398
6443
207
6712
3113
493
677
9341
3946
1447
1597
1006
6470
8405
8577
9333
7478
8687
3822
9243
7877
3434
6659
7181
4705
4398
8951
4204
1223
8858
4200
6075
2296
4199
2554
2993
6756
8554
3219
158
7907
3893
251
4695
9854
6476
471
3967
993
6640
9410
6705
9309
8433
2159
1264
2579
8223
349
2783
3800
2644
4669
7581
4046
9649
128
8881
9284
7022
2828
3192
7438
9277
5568
6718
5437
1815
2799
7090
3929
1356
6931
2341
3764
115
4548
805
2508
9578
7611
8222
6648
2417
4087
4386
2275
5228
7975
5875
1100
4836
6092
556
7601
495
3403
9527
4304
4489
4651
5466
434
2731
8558
9356
2596
2481
3208
5222
779
9158
4044
1709
7885
6139
1062
4240
3316
6285
2114
3809
2471
8670
3980
2707
4155
3091
6595
8533
3796
3189
6956
8599
2452
8424
80
4654
9608
9817
9724
3831
290
824
8871
8510
8367
519
7861
2031
2540
7161
5750
4011
3529
5716
323
161
8426
6736
6526
8501
4125
7258
2133
958
6958
5172
2334
4698
7575
5775
9921
6916
9130
7295
9109
5018
9228
604
9769
8715
688
2038
1581
6020
1566
6368
1537
69
1613
3429
7377
8685
2310
377
9929
9584
6538
8967
2149
5338
8200
2265
3760
3476
6452
4387
4674
6101
1723
1092
3507
4183
924
6376
9190
7150
5993
6523
5305
1954
413
3530
4636
7432
2736
1453
5517
6461
4465
4427
6556
9235
5712
7018
42
2167
5995
5344
3453
9784
1684
4023
8987
1826
9362
4871
7553
4015
1506
8549
1949
6093
5830
7947
1725
5946
411
1957
1755
2448
9764
5516
3289
3861
2621
8059
3287
6541
192
9377
2028
4668
9055
7958
8317
9732
4067
2104
9633
3580
657
4111
6585
3378
3000
6601
2544
8839
540
3026
3741
4296
904
9672
2117
9336
5632
9452
3738
8965
8457
2012
4558
2926
2489
3385
399
8137
1481
7582
3463
5829
5728
7493
7971
4757
3875
6548
7245
9619
8096
6947
9682
3891
4266
4182
3285
1142
3247
4039
2870
4806
9515
9314
1899
9638
7923
8728
8296
1700
5743
6162
4339
7727
5332
9214
4257
8140
4776
6178
1004
7214
182
4594
9202
9280
9075
4450
3565
8325
4982
6843
9962
9729
9395
5891
2054
2075
7878
3156
1080
442
4444
8252
527
3471
7996
5203
6477
4993
6095
3398
1407
845
9288
5759
2949
3845
2315
1099
7896
2697
9677
2388
5616
5370
9017
6834
363
3319
5596
458
981
6710
6943
2357
7544
9178
4056
5638
7397
4842
7777
3017
391
8934
4035
6047
940
9166
6109
2034
5795
9008
4704
4665
1928
7145
5512
1823
7257
8672
4133
2605
7148
1610
6175
5068
8518
3340
4377
2445
5008
5590
1425
8873
4555
5483
9609
8041
6528
8950
963
6001
2553
7076
4754
9188
6971
2712
2940
2763
448
9569
1001
4143
3921
4369
9899
8112
1493
8486
9964
5912
655
4095
7853
8723
3650
1338
4292
5742
8741
8342
8901
9836
8440
1716
6313
4153
3480
504
9524
722
8884
2222
739
5391
5119
4151
7735
9079
9740
9838
2077
8060
6525
1508
9408
1340
8846
3952
3601
8718
4333
6491
8460
6471
9722
9837
6535
9149
5120
5198
8563
7941
3263
7334
5991
2817
2849
2166
1395
9390
2598
9244
6492
297
3081
8275
5446
2710
9839
5271
8261
5944
2472
1437
7555
7358
1797
2750
4711
4487
5873
2899
821
2730
1690
7824
4110
4073
5850
8227
3012
4458
4145
8886
9335
4638
6626
908
7519
5990
7565
7558
5041
6407
4515
1571
3578
6106
5900
7141
1514
6339
1184
4864
4282
2915
7249
9108
834
7288
3878
3481
1728
6360
4855
652
3642
6715
7114
1163
5002
7505
992
578
3199
7062
2533
8572
8623
5143
2635
9671
9044
9290
3883
2339
4078
7082
7840
2607
271
8391
1633
6819
3797
1178
5494
6590
6555
8854
1994
6394
41
926
891
5765
4603
638
9835
5660
6257
4488
572
6453
9652
4092
2013
5671
9118
8198
4571
5887
5930
3896
4101
1518
9489
8503
9381
3465
8570
5774
55
7891
177
1681
502
2061
5100
2729
1594
1408
8883
9175
8453
5277
1415
6841
8894
8725
5109
6562
6990
5823
4860
8402
3232
5331
3083
1617
3841
4309
2931
8026
3228
4765
8745
1244
8786
7902
8907
3762
641
7591
8663
6149
8624
9210
2739
3437
8425
1273
5193
5046
7651
8730
2550
2768
1167
7162
508
1663
6797
1539
1626
1860
906
1931
7381
939
1135
8962
7614
8157
9831
4994
1747
4081
8945
4591
3571
6616
762
266
9703
9753
5171
2738
3690
1484
3710
1426
3406
8310
3090
7688
8330
4320
5672
8448
5115
8074
2160
6932
9513
880
797
962
713
6792
4446
4157
4418
5392
500
8128
4911
1048
1737
8629
7369
3466
6676
9653
8104
8700
7997
5617
4543
624
1362
9621
6212
3373
6522
8253
9331
8996
1285
7074
1198
8606
6062
4131
5268
6888
9687
7854
1542
460
5860
6669
4918
1702
3351
5080
8183
124
3461
9368
396
7990
3511
4762
9530
4648
5691
7109
3790
4013
9084
2952
5044
2958
2673
2139
8371
7893
8270
1967
7920
2118
2894
4986
67
1828
5522
4663
8353
8242
2765
2780
8318
2678
8555
700
2400
1458
3212
5077
4026
1817
9800
3424
2316
8646
5611
6721
8213
1771
7086
3315
8066
2987
614
7595
2968
7507
1836
6620
6100
3777
8131
7953
5290
2590
5681
7168
8506
7686
2659
3624
2725
6970
263
9923
104
5375
9521
1261
5071
7930
9805
4880
7156
9829
4534
6706
6265
2592
6643
9167
9599
4615
9539
2119
5309
3484
3933
4354
1039
447
6336
8551
4316
3106
4748
5867
7071
9279
8539
61
7260
8258
6798
7998
3920
4235
5503
2047
2782
9493
2046
3699
1578
2072
1686
2974
8714
4967
6129
7394
1718
4149
4887
6183
3022
9466
7500
9559
4290
6081
8231
3640
1418
9537
7123
9679
1186
1384
6076
4504
4179
1215
701
9812
450
9092
5226
5680
3778
9391
6796
102
2447
7205
9425
710
3637
3168
3647
7535
6830
2328
7460
2366
9346
9326
6146
729
5597
8272
9091
5001
9035
7709
3705
3752
1071
9909
7563
5986
8818
7702
6771
5236
4584
5513
1216
7694
2432
1394
2789
3842
2980
3524
4893
1454
4413
4421
4438
4679
4408
2836
6995
5059
7425
9450
8334
2810
1875
137
3468
8912
3078
4526
6392
3040
3759
8609
7280
8931
3718
2467
4082
3609
6372
7665
1318
8797
6450
6080
8441
9318
8699
694
1143
4463
684
5708
9642
4350
855
2751
514
241
7696
2527
1524
9129
4736
4114
956
9237
6114
5075
2245
3737
8107
490
1705
8036
8347
8354
8889
4972
1615
4139
4601
7494
3355
8592
7477
9602
56
6571
9090
1496
9405
5563
5676
1378
8493
4527
2349
5572
9545
8601
3856
6839
258
9437
9891
4530
2098
5174
814
6086
5176
3049
2135
6173
1959
2595
3167
4470
4945
6197
7231
117
5181
8355
1687
1843
725
2207
9709
3369
2608
6630
6552
5884
1988
1314
7118
1577
1424
1025
8734
8398
1222
2939
9942
765
6323
9511
2619
4686
9316
6055
7233
4096
2002
5037
9442
985
3224
4897
3011
1871
6141
1341
8352
580
8665
2404
4551
8063
3420
9438
7803
9627
5480
5845
4420
4756
5089
7385
9832
2842
2196
1790
696
2312
4828
7771
7447
8994
5897
7391
3062
5973
8142
3701
7010
4457
3709
8808
9880
938
2954
7618
7228
3072
4147
2965
8285
7177
4161
6879
52
3615
8582
8111
8491
1905
5533
894
9137
2303
3073
6847
6317
3753
9934
6321
5454
7823
7108
6750
2347
7850
9276
6855
8507
2350
6542
2177
8661
7341
1136
1945
6065
6921
5748
4361
7606
3948
82
5738
9868
8204
865
5461
7284
8068
954
5007
9875
9449
2138
1971
2479
1278
2548
5376
546
7072
5755
7185
9528
7468
9604
8911
9669
9749
444
87
6574
180
3654
9421
7767
672
6223
9385
588
9187
615
7670
433
856
7212
3716
1301
3173
1820
380
8628
7423
2430
5121
2875
5189
1276
732
5402
8682
9083
38
666
4741
4236
5545
3922
4061
9321
2402
3364
7731
8633
6578
1317
195
339
3060
8316
1608
7637
7160
2011
8560
303
758
4150
3588
7268
1087
5663
5961
9851
6337
324
4552
1440
94
6707
1296
5548
1788
709
8127
4491
8984
337
1281
5337
7928
2970
5989
7020
5929
9416
9505
7718
7137
2457
3639
1620
2403
2727
7277
3959
6800
1282
2282
697
4507
1304
4585
5923
2572
9403
2092
3788
4581
9998
2733
6598
7248
1116
7750
2677
8376
3246
7786
6550
1624
9274
8103
4473
6740
5764
3495
4399
2766
5739
225
3730
1972
2632
5719
1133
9423
6933
3301
3455
5029
5876
9966
3832
7559
1929
2463
4217
71
5359
5428
4958
9369
235
4883
4337
8880
3503
5060
4168
7931
9435
4016
1422
393
799
9916
717
8077
7972
1091
5951
4505
5556
4030
3745
8505
9271
2466
9519
6048
4655
8087
4769
8826
9884
1822
4184
3513
3779
8030
8144
1863
4102
5963
7094
6603
4649
9492
7915
3421
9577
9419
7296
7077
7741
8176
1628
5283
4360
4285
2824
1816
792
5421
4556
731
4587
5233
322
6442
3163
4001
5173
5839
1256
1785
7490
3115
10
1284
5384
246
1109
2518
8438
1065
4272
7421
9886
206
8022
1459
4332
3660
4749
2601
7452
7414
5032
9586
6563
1965
3101
6267
7653
5936
3185
1656
7396
6482
5933
2999
9021
5013
4127
3669
6530
5486
6234
2745
5471
9273
1531
9897
2194
1275
1814
4599
6761
1890
640
8908
164
5705
9715
3102
6602
8256
8365
8837
6301
8782
742
4313
3509
7711
2593
8236
9364
6314
6531
187
4560
9262
5645
1390
2933
1336
1990
4878
5411
2152
6770
1582
1404
6176
8018
3339
1763
1749
3478
7419
5914
1303
1347
2521
9478
1556
785
7522
2568
6346
7234
4284
62
2753
4808
1885
2236
1125
8768
3582
3343
1144
3895
2379
2959
2801
5527
6511
5696
629
4355
438
2517
2649
4885
522
8385
3069
5525
648
4641
4999
8719
8411
7410
5220
1572
8982
1654
6307
551
7905
934
2551
7768
4298
6673
2246
1289
8048
3953
6703
8125
5118
2585
90
5116
9000
9367
1316
7112
9561
8827
7583
5496
3986
2049
5321
6593
7769
1145
9343
8611
3129
6018
5906
7534
8234
6103
2026
2469
4810
7645
5657
21
3283
3598
4925
6294
673
6011
4475
7800
4321
8329
6557
3542
9985
2834
7814
2984
9469
1670
8045
2867
366
2837
3805
3360
4401
9954
6899
5201
3971
9365
6507
9990
1655
562
5640
6250
40
7612
813
8259
5732
8217
3540
8119
6678
3854
3158
5778
3110
2419
6044
3618
5085
7400
5793
8928
2905
1833
9626
6405
3912
7879
6312
1874
7811
3004
5689
6193
5130
596
9272
1372
7666
7216
9474
3268
6596
3294
6200
190
5380
5553
2857
5398
1369
5381
5856
3323
6397
4706
4203
6192
2537
5490
2576
9771
8064
5157
1992
5693
1732
6818
9467
6110
4727
1430
9547
9010
8607
2163
7048
8497
3995
1835
8372
6414
656
3047
617
9639
1857
3408
3382
383
7792
4308
6209
5713
9456
3021
8171
7914
9520
1017
4987
1619
9761
2770
196
4955
1217
8478
5179
9097
7716
7934
5538
4365
8870
6821
4243
4248
5357
6671
5624
4613
1307
3816
4793
2226
315
8939
6058
4231
7720
2271
3237
5518
7322
4906
9031
3065
2818
6500
5811
1299
7474
3380
7171
3799
4439
6803
1208
6241
7580
9239
2478
8047
1991
9347
4989
8742
7745
369
4544
7689
7409
1922
8147
5789
3159
5232
8083
6964
2199
2892
1880
9814
3498
876
8311
2242
6269
3801
3242
1431
9110
5320
9107
1778
3963
5154
8590
2330
2483
7278
5152
4005
5937
5579
5769
5372
2039
7789
7852
8704
6259
5686
5945
9487
2580
4325
7004
5455
4525
1084
7238
6741
4442
7105
886
5416
7859
4742
3810
5263
6693
2558
4115
6245
4661
2029
9453
3625
4103
4052
7656
7266
5388
5618
7510
9312
5495
9220
8777
6121
7788
7378
3238
9971
1098
9529
1385
2779
8489
9947
7506
5544
262
2294
288
6856
8817
8071
4862
7083
4642
5720
6957
5169
8416
8001
8544
4281
4213
5311
1242
9162
7244
1214
1546
2660
8195
789
9101
1150
8389
5180
6370
9783
9317
2465
2184
7314
5790
9195
361
6794
3834
7634
1538
4211
5403
3568
7106
5103
8641
6826
6447
8861
326
7564
2352
7918
1315
9491
3882
485
5501
6687
4593
1914
5741
5485
9009
748
9664
7569
8067
1126
8832
1030
6867
1000
4273
8159
8783
1020
8669
6448
6384
3552
1713
8515
955
4324
3675
8586
8602
8565
9119
7387
1416
8767
8511
3672
7566
5768
1849
960
5992
5877
415
3496
2503
2557
8130
2326
9611
2048
3857
1804
389
3960
5727
5752
5684
5510
7202
3389
1231
812
400
5091
941
5133
6174
4057
5279
654
3613
8201
1612
6597
1191
8916
4569
9062
625
8626
2154
5855
3474
1731
9394
4820
6857
9208
2017
1879
8968
6210
1380
6049
8224
4715
1876
5426
2791
4376
9790
4937
6459
8443
7259
2248
5909
2132
1047
2353
9207
9900
5552
9889
2877
1695
3447
8925
534
4602
2923
4872
6404
3668
7589
6490
3374
9738
854
6684
1776
3748
5478
7600
5962
9695
6695
1596
2063
1923
4128
2215
6982
3191
1201
4443
7912
9647
7237
9475
2164
5205
8773
9553
5554
6437
9744
5023
7809
9827
8124
1703
3126
3067
2454
603
2597
215
7936
996
7816
2035
8766
209
6096
2490
7058
2325
5818
5896
6051
6810
6527
3365
2176
1753
2007
6543
121
9585
8481
5259
9224
2057
2386
9787
826
3555
8733
4781
5853
9607
9388
4996
384
9763
1029
8343
2113
872
7078
6587
4616
9379
1089
2079
9904
54
5869
4230
9791
1112
631
2052
1123
1682
3793
7724
7024
2896
5529
4379
2651
7455
7051
91
7343
492
5245
2434
8149
6506
5921
4921
8744
306
7059
6887
9946
2839
1351
1704
9389
5243
4773
1175
9294
6831
8437
1940
7219
8015
111
4718
7337
9708
7223
8702
6495
8708
6735
5523
1354
544
480
5965
5274
4466
2962
4992
313
5497
933
3824
1211
4924
3007
7454
8105
163
2162
9859
1456
1942
4837
2062
3388
1466
7708
8653
682
5132
6631
2880
6749
1498
5297
6282
6304
8456
7630
4191
7075
8639
613
2380
1583
3563
4224
6040
7333
8706
1146
406
8233
8117
3989
1322
5004
5164
9135
8220
5824
3220
8099
3544
7693
3433
4286
5809
3773
9263
5310
1547
9629
884
675
8548
6286
4038
7433
318
3104
6682
2565
878
4502
5049
7886
3312
2231
8944
1463
155
8370
5350
2722
5895
3001
9328
8779
9992
844
4040
7169
6349
4493
7695
2190
7243
6638
2425
320
622
524
6944
4372
6517
9240
9040
8862
2702
5608
6733
4931
6823
8031
5756
7356
8736
8910
3269
4777
7080
7839
3500
217
5301
77
915
8926
8013
3394
7443
6927
97
3787
5253
7335
6709
7747
5378
889
870
3432
1297
3280
7138
9081
103
4512
301
4400
4265
3151
6895
8778
293
6949
8161
1998
5155
9217
3094
4671
743
237
6150
9748
3646
7933
6155
8205
6396
5042
5326
2705
6061
6468
1402
4471
9689
6999
8652
1095
8469
2777
1042
9155
4856
6302
6545
112
520
8323
7453
528
9427
2689
2229
8866
6000
9327
4952
1939
1377
5736
8753
8840
7435
3240
5537
3426
386
4259
4868
1699
1082
6793
1811
2037
6069
7008
4700
931
2377
2556
9461
1016
2681
5361
6481
4228
4209
3881
952
9804
593
4954
7992
6588
4193
5711
3317
8257
7192
6991
487
5390
1837
109
1007
8771
9303
724
9922
5005
5958
7640
6427
5783
7605
7135
8574
6504
1721
5718
9895
8844
113
7115
1225
2588
3236
2202
3248
611
5070
833
446
3356
3885
1927
7124
1467
4803
881
9378
5725
861
7832
852
7921
705
3944
4589
5729
1964
1448
5451
2317
4944
7269
4692
4242
2041
7424
5841
3391
5757
6043
5408
3036
4790
7459
9451
4576
6728
405
8616
9359
2771
9803
9517
1258
5651
4033
2155
5364
9752
6859
3573
7252
6976
1058
7303
8260
3620
5015
6403
6690
2924
4297
6136
6696
9702
456
5122
7227
8756
4437
5599
7274
1585
499
685
3934
5010
979
1475
4287
3450
6627
2569
3467
9117
5939
7713
6311
9048
9624
690
4375
7330
2070
6875
3682
7855
1831
5731
1561
2901
3177
4100
972
4253
9199
5324
2891
9215
5615
2744
6486
7315
3510
4474
6745
3559
4731
943
1271
8245
8791
6753
3407
8401
769
6716
6524
9183
6387
5602
8731
2462
4129
5156
6809
8136
8927
8420
7486
9760
1554
6238
5261
7829
6725
7206
4136
2882
4867
350
6469
8314
4368
4185
8150
1683
8919
4827
4739
4214
2237
5443
7523
1873
5136
3231
3927
8322
7675
1800
4059
523
8914
3366
6842
3614
9857
6764
1488
408
9567
9635
3141
9667
3031
4784
6594
6247
234
2967
11
4034
7167
4456
3139
1966
5935
8293
2690
4069
2470
5207
1605
9246
7294
7256
181
4066
3239
7005
1968
4708
3084
5300
9870
3127
7820
5393
1673
7641
2033
5473
5562
9843
6332
635
6006
6395
8527
4366
6520
8898
7567
3729
4964
1433
6413
7196
7974
175
3417
1253
1272
7660
7457
818
1734
678
2020
6892
3494
3674
3684
7945
2772
1881
4622
4135
4547
4609
3462
3274
9325
5658
107
3203
1107
9304
1525
5184
9106
9807
3821
7153
6480
7573
8735
6147
4656
6760
2545
7700
4896
6132
9477
407
3051
4120
3579
4031
5498
8740
284
8874
8500
2272
8930
6900
9080
1580
6128
8680
2945
9201
9370
5017
9463
4022
2874
7968
7208
2120
3155
1251
1364
8123
4592
3904
2909
3427
2362
5431
5061
2665
6699
8218
4701
7046
4978
5864
7275
7207
9772
9858
3865
5334
9159
4817
7427
6156
76
3300
973
402
388
6811
20
8650
8608
330
1740
9864
3093
9963
5112
1780
4965
9961
5582
6424
3357
8784
9089
5975
1919
5849
3667
9366
